2064092603432267897
2064688026693849323
2065054440868942243
2065416073994727725
2065498839033716911
2065507399473992175
2065782488648065339
2065790037929918758
2066138081192022453
2066497952508719513
2066862857417814375
2067225999792865454
2067440673427763488
2067584109619151230
2067950020511613222
2068369545782235201
2068389313243492682
2068671776335556680
2069037184468881431
2069399823594516958
2069762966552236210
2070184997395280341
2070912541363184010
2071369804397834493
2071652416454578290
2072077719068631313
2072352026705482043
2072720202563776702
2073086365248393333
2073448501569040527
